Layer 1
-------
         4  4  4                                               4  4  4
       4        4  4                                       4  4        4
  4  4              4  4  4  4                   4  4  4  4              4  4
 4  10   4  4  4  4  4    7   4  4           4  4   7    4  4  4  4  4   5   4
 4  10   4  4  4  4  4    7       4         4       7    4  4  4  4  4  11   4
 4   2   4  4  4  4  4    0       4         4       7    4  4  4  4  7   7   4
 4   2   4  4  4  4  4            4         4            4  4  7  7  7   2   4
 4                10  3  1  5     4         4     3  1  2 10                 4
 4                 0  0  2  8       4     4       8  2  6  6                 4
 4                              4             4                              4
 4                              4             4                              4
 4                              4             4                              4
 4                              4             4                              4
 4                              4             4                              4
 4                              4             4                              4
 4                              4             4                              4
 4                              4             4                              4
 4                              4             4                              4
  4  4  4  4  4  4  4  4  4  4                 4  4  4  4  4  4  4  4  4  4

 4  4

Layer 2
-------
         3  3  3                                               3  3  3
       3        3  3                                       3  3        3
  3  3              3  3  3  3                   3  3  3  3              3  3
 3  10  12 12 12 12 12   12   3  3           3  3  12   11 12  0  0  0   5   3
 3  10  12  9  3  9 10   12       3         3      12   12  3  3  3  0  12   3
 3  12   1  3  3  3 10   12       3         3      12   12  3  0  3  0  12   3
 3   2  12 12 12 12 12            3         3            3  3  3  3  6  12   3
 3                12 12  1  6     3         3     3  9 12 12                 3
 3                12 12  2  5       3     3      12 12 12 12                 3
 3                              3             3                              3
 3                              3             3                              3
 3                              3             3                              3
 3                              3             3                              3
 3                              3             3                              3
 3                              3             3                              3
 3                              3             3                              3
 3                              3             3                              3
 3                              3             3                              3
  3  3  3  3  3  3  3  3  3  3                 3  3  3  3  3  3  3  3  3  3

 3  7

Layer 3
-------
         8  8  8                                               8  8  8
       8        8  8                                       8  8        8
  8  8              8  8  8  8                   8  8  8  8              8  8
 8   4   8  8  8  8  8    8   8  8           8  8   8    8  8  8  8  8  15   8
 8  15  12 15  7  7  9   15       8         8      15   15  3 12 15 15  15   8
 8  15  12  3  0  1  9   15       8         8      15   12  3  0 11 12  15   8
 8  15  15 15 15 15  9            8         8           15 15 15 15 15  15   8
 8                15  8 15 12     8         8    15 15 15 15                 8
 8                15 15 15 15       8     8      15 15 15 15                 8
 8                              8             8                              8
 8                              8             8                              8
 8                              8             8                              8
 8                              8             8                              8
 8                              8             8                              8
 8                              8             8                              8
 8                              8             8                              8
 8                              8             8                              8
 8                              8             8                              8
  8  8  8  8  8  8  8  8  8  8                 8  8  8  8  8  8  8  8  8  8

 8 15

Layer 4
-------
        15 15 15                                              15 15 15
      15       15 15                                      15 15       15
 15 15             15 15 15 15                  15 15 15 15             15 15
15  15  15 15 15 15 15   15  15 15          15 15  15   15 15 15 15 15  15  15
15  15  15 15 15 15 15   15      15        15      15   15 15 15 15 15  15  15
15  15  15 15 15 15 15   15      15        15      15   15 15 15 15 15  15  15
15  15  15 15 15 15 15           15        15           15 15 15 15 15  15  15
15                15 15 15 15    15        15    15 15 15 15                15
15                15 15 15 15      15    15      15 15 15 15                15
15                             15            15                             15
15                             15            15                             15
15                             15            15                             15
15                             15            15                             15
15                             15            15                             15
15                             15            15                             15
15                             15            15                             15
15                             15            15                             15
15                             15            15                             15
 15 15 15 15 15 15 15 15 15 15                15 15 15 15 15 15 15 15 15 15

15 15

Layer 5
-------
        15 15 15                                              15 15 15
      15       15 15                                      15 15       15
 15 15             15 15 15 15                  15 15 15 15             15 15
15  15  15 15 15 15 15   15  15 15          15 15  15   15 15 15 15 15  15  15
15  15  15 15 15 15 15   15      15        15      15   15 15 15 15 15  15  15
15  15  15 15 15 15 15   15      15        15      15   15 15 15 15 15  15  15
15  15  15 15 15 15 15           15        15           15 15 15 15 15  15  15
15                15 15 15 15    15        15    15 15 15 15                15
15                15 15 15 15      15    15      15 15 15 15                15
15                             15            15                             15
15                             15            15                             15
15                             15            15                             15
15                             15            15                             15
15                             15            15                             15
15                             15            15                             15
15                             15            15                             15
15                             15            15                             15
15                             15            15                             15
 15 15 15 15 15 15 15 15 15 15                15 15 15 15 15 15 15 15 15 15

15 15

Layer 6
-------
        15 15 15                                              15 15 15
      15       15 15                                      15 15       15
 15 15             15 15 15 15                  15 15 15 15             15 15
15  15  15 15 15 15 15   15  15 15          15 15  15   15 15 15 15 15  15  15
15  15  15 15 15 15 15   15      15        15      15   15 15 15 15 15  15  15
15  15  15 15 15 15 15   15      15        15      15   15 15 15 15 15  15  15
15  15  15 15 15 15 15           15        15           15 15 15 15 15  15  15
15                15 15 15 15    15        15    15 15 15 15                15
15                15 15 15 15      15    15      15 15 15 15                15
15                             15            15                             15
15                             15            15                             15
15                             15            15                             15
15                             15            15                             15
15                             15            15                             15
15                             15            15                             15
15                             15            15                             15
15                             15            15                             15
15                             15            15                             15
 15 15 15 15 15 15 15 15 15 15                15 15 15 15 15 15 15 15 15 15

15 15

Layer 7
-------
        15 15 15                                              15 15 15
      15       15 15                                      15 15       15
 15 15             15 15 15 15                  15 15 15 15             15 15
15  15  15 15 15 15 15   15  15 15          15 15  15   15 15 15 15 15  15  15
15  15  15 15 15 15 15   15      15        15      15   15 15 15 15 15  15  15
15  15  15 15 15 15 15   15      15        15      15   15 15 15 15 15  15  15
15  15  15 15 15 15 15           15        15           15 15 15 15 15  15  15
15                15 15 15 15    15        15    15 15 15 15                15
15                15 15 15 15      15    15      15 15 15 15                15
15                             15            15                             15
15                             15            15                             15
15                             15            15                             15
15                             15            15                             15
15                             15            15                             15
15                             15            15                             15
15                             15            15                             15
15                             15            15                             15
15                             15            15                             15
 15 15 15 15 15 15 15 15 15 15                15 15 15 15 15 15 15 15 15 15

15 15

Layer 8
-------
        15 15 15                                              15 15 15
      15       15 15                                      15 15       15
 15 15             15 15 15 15                  15 15 15 15             15 15
15  15  15 15 15 15 15   15  15 15          15 15  15   15 15 15 15 15  15  15
15  15  15 15 15 15 15   15      15        15      15   15 15 15 15 15  15  15
15  15  15 15 15 15 15   15      15        15      15   15 15 15 15 15  15  15
15  15  15 15 15 15 15           15        15           15 15 15 15 15  15  15
15                15 15 15 15    15        15    15 15 15 15                15
15                15 15 15 15      15    15      15 15 15 15                15
15                             15            15                             15
15                             15            15                             15
15                             15            15                             15
15                             15            15                             15
15                             15            15                             15
15                             15            15                             15
15                             15            15                             15
15                             15            15                             15
15                             15            15                             15
 15 15 15 15 15 15 15 15 15 15                15 15 15 15 15 15 15 15 15 15

15 15

Layer 9
-------
        15 15 15                                              15 15 15
      15       15 15                                      15 15       15
 15 15             15 15 15 15                  15 15 15 15             15 15
15  15  15 15 15 15 15   15  15 15          15 15  15   15 15 15 15 15  15  15
15  15  15 15 15 15 15   15      15        15      15   15 15 15 15 15  15  15
15  15  15 15 15 15 15   15      15        15      15   15 15 15 15 15  15  15
15  15  15 15 15 15 15           15        15           15 15 15 15 15  15  15
15                15 15 15 15    15        15    15 15 15 15                15
15                15 15 15 15      15    15      15 15 15 15                15
15                             15            15                             15
15                             15            15                             15
15                             15            15                             15
15                             15            15                              3
15                             15            15                              6
15                             15            15                              6
15                             15            15                              6
15                             15            15                              6
15                             15            15                              6
 15 15 15 15 15 15 15 15 15 15                 6  3  3  6  6  6  6  6  3  3

 6  6

Layer 10
--------
        15 15 15                                              15 15 15
      15       15 15                                      15 15       15
 15 15             15 15 15 15                  15 15 15 15             15 15
15  15  15 15 15 15 15   15  15 15          15 15  15   15 15 15 15 15  15  15
15  15  15 15 15 15 15   15      15        15      15   15 15 15 15 15  15  15
15  15  15 15 15 15 15   15      15        15      15   15 15 15 15 15  15  15
15  15  15 15 15 15 15           15        15           15 15 15 15 15  15  15
15                15 15 15 15    15        15    15 15 15 15                15
15                15 15 15 15      15    15      15 15 15 15                15
15                             15            15                             15
15                             15            15                             15
15                             15            15                             15
15                             15            15                             15
15                             15            15                             15
15                             15            15                             15
15                             15            15                             15
15                             15            15                             15
15                             15            15                             15
 15 15 15 15 15 15 15 15 15 15                15 15 15 15 15 15 15 15 15 15

15 15
