Layer 1
-------
   53    30    31    32    33    34    46     0          0 17152    35    36    37    38    39    45
   43    20    26     8    21    23    47     0          0    48    28    24    12    18    19    76
   57     4    22     7     9    10 17154     0          0    49    11    13    14    15    51    52
  225    29    27     6    25     5     0     0          0     0    17    16    54    55    56   229
                        53980 17452   225    42      49162    44   230     0
                            0   227 49212 49722      49209 49526 54108 54109

Layer 2
-------
   41     0     0     0     0     0     0     0          0     0    83     0    84    85    46    42
   43     0    74    82    77    75     0     0          0     0     0    95    96    97    86     0
    0    70    80    81    79    78     0     0          0     0     0    92    93    94    87     0
  225     0     0     0     0     0     0     0          0     0    99    89    90    91    88     0
                            0     0 65535 65535      65535 65535    98     0
                            0     0 65535 65535          0     0     0     0

Layer 3
-------
    0    58    59    60    61    62    63 65535      65535    64    65    66    67    68    69     0
    0     0     0 22710 22709 23785     0 65535      65535     0     0 23663     0     0 65535     0
    0     0 22713 22711 22733 23786     0 65535      65535     0     0 23664     0     0     0     0
65535     0     0     0     0 19682 65535 65535      65535 65535     0     0     0     0     0     0
                            0 65535     0     0       2347   299     0     0
                            0     0     0     0          0     0     0     0

Layer 4
-------
65535 65535 65535 65535 65535 65535 65535 65535      65535 65535 65535 65535 65535 65535 65535 65535
65535 65535 65535 65535 65535 65535 65535 65535      65535 65535 65535 65535 65535 65535 65535 65535
65535 65535 65535 65535 65535 65535 65535 65535      65535 65535 65535 65535 65535 65535 65535 65535
65535 65535 65535 65535 65535 65535 65535 65535      65535 65535 65535 65535 65535 65535 65535 65535
                        65535 65535 65535 65535      65535 65535 65535 65535
                        65535 65535 65535 65535      65535 65535 65535 65535

Layer 5
-------
65535 65535 65535 65535 65535 65535 65535 65535      65535 65535 65535 65535 65535 65535 65535 65535
65535 65535 65535 65535 65535 65535 65535 65535      65535 65535 65535 65535 65535 65535 65535 65535
65535 65535 65535 65535 65535 65535 65535 65535      65535 65535 65535 65535 65535 65535 65535 65535
65535 65535 65535 65535 65535 65535 65535 65535      65535 65535 65535 65535 65535 65535 65535 65535
                        65535 65535 65535 65535      65535 65535 65535 65535
                        65535 65535 65535 65535      65535 65535 65535 65535

Layer 6
-------
65535 65535 65535 65535 65535 65535 65535 65535      65535 65535 65535 65535 65535 65535 65535 65535
65535 65535 65535 65535 65535 65535 65535 65535      65535 65535 65535 65535 65535 65535 65535 65535
65535 65535 65535 65535 65535 65535 65535 65535      65535 65535 65535 65535 65535 65535 65535 65535
65535 65535 65535 65535 65535 65535 65535 65535      65535 65535 65535 65535 65535 65535 65535 65535
                        65535 65535 65535 65535      65535 65535 65535 65535
                        65535 65535 65535 65535      65535 65535 65535 65535

Layer 7
-------
65535 65535 65535 65535 65535 65535 65535 65535      65535 65535 65535 65535 65535 65535 65535 65535
65535 65535 65535 65535 65535 65535 65535 65535      65535 65535 65535 65535 65535 65535 65535 65535
65535 65535 65535 65535 65535 65535 65535 65535      65535 65535 65535 65535 65535 65535 65535 65535
65535 65535 65535 65535 65535 65535 65535 65535      65535 65535 65535 65535 65535 65535 65535 65535
                        65535 65535 65535 65535      65535 65535 65535 65535
                        65535 65535 65535 65535      65535 65535 65535 65535

Layer 8
-------
65535 65535 65535 65535 65535 65535 65535 65535      65535 65535 65535 65535 65535 65535 65535 65535
65535 65535 65535 65535 65535 65535 65535 65535      65535 65535 65535 65535 65535 65535 65535 65535
65535 65535 65535 65535 65535 65535 65535 65535      65535 65535 65535 65535 65535 65535 65535 65535
65535 65535 65535 65535 65535 65535 65535 65535      65535 65535 65535 65535 65535 65535 65535 65535
                        65535 65535 65535 65535      65535 65535 65535 65535
                        65535 65535 65535 65535      65535 65535 65535 65535

Layer 9
-------
65535 65535 65535 65535 65535 65535 65535 65535      65535 65535 65535 65535 65535 65535 65535 65535
65535 65535 65535 65535 65535 65535 65535 65535      65535 65535 65535 65535 65535 65535 65535 65535
65535 65535 65535 65535 65535 65535 65535 65535      65535 65535 65535 65535 65535 65535 65535 65535
65535 65535 65535 65535 65535 65535 65535 65535      65535 65535 65535 65535 65535 65535 65535 65535
                        65535 65535 65535 65535      65535 65535 65535 65535
                        65535 65535 65535 65535      65535 65535 65535 65535

Layer 10
--------
65535 65535 65535 65535 65535 65535 65535 65535      65535 65535 65535 65535 65535 65535 65535 65535
65535 65535 65535 65535 65535 65535 65535 65535      65535 65535 65535 65535 65535 65535 65535 65535
65535 65535 65535 65535 65535 65535 65535 65535      65535 65535 65535 65535 65535 65535 65535 65535
65535 65535 65535 65535 65535 65535 65535 65535      65535 65535 65535 65535 65535 65535 65535 65535
                        65535 65535 65535 65535      65535 65535 65535 65535
                        65535 65535 65535 65535      65535 65535 65535 65535
